# Created by Octave 3.8.1, Mon Apr 09 10:33:36 2018 IST <deba@cse-BM1AF-BP1AF-BM6AF>
# name: res
# type: matrix
# rows: 15
# columns: 3
 0.5524137327945046 0.7882550798107872 0.5251623582927719
 0.2685414087217126 0.4636724561193997 0.7205552709853896
 0.341503622481269 0.4628403769182945 0.938095900968472
 0.440119917092928 0.8235070750149089 0.48984216248644
 0.4829870060595237 0.3078685911366383 0.01786793290545323
 0.1900259453906664 0.9573142184133988 0.02716827672227311
 0.2240778751732151 0.01794287444996017 0.4666537501362895
 0.001159042941611999 0.6906874160974115 0.5814087064926571
 0.008428902810439554 0.5514363124459751 0.4885867140444997
 0.07766636592457081 0.9571121465519808 0.206953959505106
 0.7121737146805799 0.1316072514975272 0.5528155268962945
 0.4059423946210005 0.6547588636770066 0.70901575769738
 0.06346850788119023 0.9422731460827489 0.2001446336839599
 0.5559540944843179 0.3902119006876553 0.8966573599773348
 0.592639661716076 0.8874240500451643 0.6225718838173986


